  VARIABLES = "X", "Y" 
     0.08090     -0.05878
     0.08080     -0.05870
     0.08049     -0.05848
     0.07999     -0.05812
     0.07930     -0.05761
     0.07842     -0.05697
     0.07735     -0.05620
     0.07611     -0.05530
     0.07470     -0.05427
     0.07312     -0.05313
     0.07138     -0.05186
     0.06949     -0.05049
     0.06744     -0.04900
     0.06525     -0.04741
     0.06292     -0.04571
     0.06045     -0.04392
     0.05786     -0.04204
     0.05514     -0.04006
     0.05231     -0.03801
     0.04937     -0.03587
     0.04634     -0.03367
     0.04321     -0.03139
     0.03999     -0.02906
     0.03670     -0.02667
     0.03335     -0.02423
     0.02994     -0.02175
     0.02649     -0.01925
     0.02301     -0.01672
     0.01953     -0.01419
     0.01605     -0.01166
     0.01261     -0.00916
     0.00924     -0.00671
     0.00599     -0.00435
     0.00296     -0.00215
     0.00039     -0.00028
    -0.00218      0.00000
    -0.00595      0.00000
    -0.01028      0.00000
    -0.01504      0.00000
    -0.02015      0.00000
    -0.02559      0.00000
    -0.03131      0.00000
    -0.03731      0.00000
    -0.04356      0.00000
    -0.05005      0.00000
    -0.05678      0.00000
    -0.06373      0.00000
    -0.07090      0.00000
    -0.07828      0.00000
    -0.08586      0.00000
    -0.09363      0.00000
    -0.10159      0.00000
    -0.10974      0.00000
    -0.11806      0.00000
    -0.12655      0.00000
    -0.13521      0.00000
    -0.14403      0.00000
    -0.15301      0.00000
    -0.16213      0.00000
    -0.17141      0.00000
    -0.18082      0.00000
    -0.19037      0.00000
    -0.20005      0.00000
    -0.20986      0.00000
    -0.21978      0.00000
    -0.22983      0.00000
    -0.23998      0.00000
    -0.25024      0.00000
    -0.26060      0.00000
    -0.27105      0.00000
    -0.28159      0.00000
    -0.29223      0.00000
    -0.30294      0.00000
    -0.31372      0.00000
    -0.32458      0.00000
    -0.33550      0.00000
    -0.34648      0.00000
    -0.35752      0.00000
    -0.36861      0.00000
    -0.37974      0.00000
    -0.39091      0.00000
    -0.40212      0.00000
    -0.41336      0.00000
    -0.42461      0.00000
    -0.43589      0.00000
    -0.44719      0.00000
    -0.45849      0.00000
    -0.46979      0.00000
    -0.48110      0.00000
    -0.49240      0.00000
    -0.50368      0.00000
    -0.51495      0.00000
    -0.52620      0.00000
    -0.53742      0.00000
    -0.54860      0.00000
    -0.55975      0.00000
    -0.57086      0.00000
    -0.58192      0.00000
    -0.59293      0.00000
    -0.60389      0.00000
    -0.61478      0.00000
    -0.62560      0.00000
    -0.63635      0.00000
    -0.64703      0.00000
    -0.65762      0.00000
    -0.66813      0.00000
    -0.67855      0.00000
    -0.68887      0.00000
    -0.69909      0.00000
    -0.70921      0.00000
    -0.71922      0.00000
    -0.72911      0.00000
    -0.73889      0.00000
    -0.74854      0.00000
    -0.75807      0.00000
    -0.76747      0.00000
    -0.77673      0.00000
    -0.78585      0.00000
    -0.79483      0.00000
    -0.80366      0.00000
    -0.81234      0.00000
    -0.82087      0.00000
    -0.82923      0.00000
    -0.83744      0.00000
    -0.84547      0.00000
    -0.85334      0.00000
    -0.86103      0.00000
    -0.86855      0.00000
    -0.87588      0.00000
    -0.88304      0.00000
    -0.89000      0.00000
    -0.89678      0.00000
    -0.90336      0.00000
    -0.90975      0.00000
    -0.91594      0.00000
    -0.92192      0.00000
    -0.92771      0.00000
    -0.93328      0.00000
    -0.93865      0.00000
    -0.94380      0.00000
    -0.94874      0.00000
    -0.95347      0.00000
    -0.95797      0.00000
    -0.96226      0.00000
    -0.96632      0.00000
    -0.97016      0.00000
    -0.97378      0.00000
    -0.97716      0.00000
    -0.98032      0.00000
    -0.98325      0.00000
    -0.98594      0.00000
    -0.98840      0.00000
    -0.99063      0.00000
    -0.99262      0.00000
    -0.99438      0.00000
    -0.99590      0.00000
    -0.99718      0.00000
    -0.99822      0.00000
    -0.99902      0.00000
    -0.99959      0.00000
    -0.99991      0.00000
    -1.00000      0.00000
    -0.99984      0.00000
    -0.99945      0.00000
    -0.99881      0.00000
    -0.99794      0.00000
    -0.99683      0.00000
    -0.99548      0.00000
    -0.99389      0.00000
    -0.99206      0.00000
    -0.99000      0.00000
    -0.98770      0.00000
    -0.98516      0.00000
    -0.98239      0.00000
    -0.97939      0.00000
    -0.97616      0.00000
    -0.97269      0.00000
    -0.96900      0.00000
    -0.96508      0.00000
    -0.96094      0.00000
    -0.95657      0.00000
    -0.95198      0.00000
    -0.94717      0.00000
    -0.94214      0.00000
    -0.93690      0.00000
    -0.93144      0.00000
    -0.92577      0.00000
    -0.91990      0.00000
    -0.91381      0.00000
    -0.90753      0.00000
    -0.90104      0.00000
    -0.89435      0.00000
    -0.88747      0.00000
    -0.88039      0.00000
    -0.87313      0.00000
    -0.86568      0.00000
    -0.85805      0.00000
    -0.85024      0.00000
    -0.84225      0.00000
    -0.83408      0.00000
    -0.82575      0.00000
    -0.81726      0.00000
    -0.80860      0.00000
    -0.79978      0.00000
    -0.79080      0.00000
    -0.78168      0.00000
    -0.77241      0.00000
    -0.76299      0.00000
    -0.75344      0.00000
    -0.74375      0.00000
    -0.73393      0.00000
    -0.72398      0.00000
    -0.71391      0.00000
    -0.70372      0.00000
    -0.69342      0.00000
    -0.68301      0.00000
    -0.67249      0.00000
    -0.66187      0.00000
    -0.65116      0.00000
    -0.64035      0.00000
    -0.62946      0.00000
    -0.61849      0.00000
    -0.60743      0.00000
    -0.59631      0.00000
    -0.58511      0.00000
    -0.57385      0.00000
    -0.56254      0.00000
    -0.55116      0.00000
    -0.53974      0.00000
    -0.52828      0.00000
    -0.51677      0.00000
    -0.50523      0.00000
    -0.49366      0.00000
    -0.48206      0.00000
    -0.47044      0.00000
    -0.45880      0.00000
    -0.44716      0.00000
    -0.43550      0.00000
    -0.42385      0.00000
    -0.41219      0.00000
    -0.40055      0.00000
    -0.38891      0.00000
    -0.37730      0.00000
    -0.36570      0.00000
    -0.35413      0.00000
    -0.34258      0.00000
    -0.33107      0.00000
    -0.31960      0.00000
    -0.30818      0.00000
    -0.29679      0.00000
    -0.28546      0.00000
    -0.27419      0.00000
    -0.26297      0.00000
    -0.25181      0.00000
    -0.24072      0.00000
    -0.22969      0.00000
    -0.21874      0.00000
    -0.20786      0.00000
    -0.19705      0.00000
    -0.18632      0.00000
    -0.17568      0.00000
    -0.16511      0.00000
    -0.15462      0.00000
    -0.14422      0.00000
    -0.13389      0.00000
    -0.12364      0.00000
    -0.11346      0.00000
    -0.10335      0.00000
    -0.09329      0.00000
    -0.08328      0.00000
    -0.07329      0.00000
    -0.06330      0.00000
    -0.05327      0.00000
    -0.04314      0.00000
    -0.03278      0.00000
    -0.02199      0.00000
    -0.01012      0.00000
     0.00520     -0.00378
     0.01461     -0.01061
     0.02224     -0.01615
     0.02891     -0.02100
     0.03489     -0.02535
     0.04031     -0.02928
     0.04525     -0.03287
     0.04976     -0.03615
     0.05389     -0.03915
     0.05766     -0.04189
     0.06109     -0.04439
     0.06421     -0.04665
     0.06702     -0.04869
     0.06955     -0.05053
     0.07179     -0.05216
     0.07377     -0.05360
     0.07550     -0.05485
     0.07697     -0.05592
     0.07819     -0.05681
     0.07918     -0.05753
     0.07994     -0.05808
     0.08048     -0.05847
     0.08080     -0.05870
     0.08090     -0.05878
